IRIDIUM 8
1 24792U 97020A   13309.49532940  .00000115  00000-0  33917-4 0  5668
2 24792 086.3964 150.3269 0002098 104.9769 255.1659 14.34216940864042
IRIDIUM 7
1 24793U 97020B   13309.21945814  .00000173  00000-0  54740-4 0  5589
2 24793 086.3969 150.6522 0002050 104.6344 304.5589 14.34216819864009
IRIDIUM 6
1 24794U 97020C   13309.55241405  .00000126  00000-0  37790-4 0  3618
2 24794 086.3968 150.4729 0002068 098.6289 261.5141 14.34216710864056
IRIDIUM 5
1 24795U 97020D   13309.54606892  .00000128  00000-0  38638-4 0  7677
2 24795 086.3963 150.5725 0001817 109.5665 250.5727 14.34216843864134
IRIDIUM 4
1 24796U 97020E   13309.54101012  .00000364  00000-0  12229-3 0  5994
2 24796 086.3959 150.1272 0002273 105.6310 285.2002 14.34441514864073
IRIDIUM 914
1 24836U 97030A   13309.49755825  .00000379  00000-0  11879-3 0  1274
2 24836 086.3961 170.4274 0003710 111.6945 295.9983 14.38041440859232
IRIDIUM 12
1 24837U 97030B   13309.17418147  .00000381  00000-0  12891-3 0  5679
2 24837 086.3992 181.8563 0002088 103.2758 054.7109 14.34217536857742
IRIDIUM 10
1 24839U 97030D   13309.49336612  .00000390  00000-0  13221-3 0  5748
2 24839 086.3990 181.7109 0002101 102.7180 327.7027 14.34217716857805
IRIDIUM 13
1 24840U 97030E   13309.50727582  .00000007  00000-0 -45905-5 0  5216
2 24840 086.3996 181.8174 0002093 100.2191 303.7867 14.34217055857791
IRIDIUM 16
1 24841U 97030F   13309.29545410  .00000372  00000-0  12163-3 0  5381
2 24841 086.4073 182.4981 0000446 140.4194 355.6096 14.35937212858113
IRIDIUM 911
1 24842U 97030G   13309.52203106  .00000494  00000-0  13846-3 0  2281
2 24842 086.4500 183.9203 0016384 146.0254 261.3335 14.43991609862437
IRIDIUM 15
1 24869U 97034A   13309.30717865  .00000516  00000-0  17706-3 0  6303
2 24869 086.4002 213.4667 0002073 102.8603 036.6950 14.34213355854739
IRIDIUM 17
1 24870U 97034B   13309.38094722  .00000439  00000-0  14708-3 0  5338
2 24870 086.4007 212.8820 0001953 103.9202 031.9799 14.35040388854838
IRIDIUM 920
1 24871U 97034C   13309.43748145  .00000434  00000-0  13493-3 0  1656
2 24871 086.4018 202.2250 0011576 010.9807 116.4435 14.38719200856535
IRIDIUM 18
1 24872U 97034D   13309.10255812  .00000541  00000-0  18602-3 0  5419
2 24872 086.4005 213.7505 0001946 098.1220 262.0197 14.34226426854708
IRIDIUM 921
1 24873U 97034E   13309.55145958  .00005354  00000-0  40348-3 0  6564
2 24873 086.3835 326.9775 0009676 139.3272 018.3670 15.02244373889228
IRIDIUM 26
1 24903U 97043A   13309.47308865  .00000450  00000-0  15262-3 0  6836
2 24903 086.3962 087.1011 0002062 103.7027 297.9014 14.34600598848712
IRIDIUM 25
1 24904U 97043B   13309.46946887  .00000479  00000-0  16385-3 0  5789
2 24904 086.3957 087.1018 0002112 109.2255 250.9169 14.34217177848665
IRIDIUM 46
1 24905U 97043C   13309.48215499  .00000494  00000-0  16926-3 0  5812
2 24905 086.3964 087.5272 0002112 107.7036 252.4391 14.34217221848675
IRIDIUM 23
1 24906U 97043D   13309.54089507  .00000524  00000-0  18022-3 0  5867
2 24906 086.3957 086.9860 0002111 108.4111 322.6704 14.34215807848682
IRIDIUM 22
1 24907U 97043E   13309.45739512  .00000505  00000-0  17313-3 0  5519
2 24907 086.3968 087.6223 0002145 108.9466 287.0875 14.34217625848673
DUMMY MASS 1
1 24925U 97048A   13309.10248747  .00000530  00000-0  59804-4 0  6455
2 24925 086.3332 291.7304 0008031 045.5122 359.5605 14.84411009875708
DUMMY MASS 2
1 24926U 97048B   13309.49613275  .00000555  00000-0  63007-4 0  6402
2 24926 086.3331 292.4497 0008978 047.9507 103.0531 14.84186376875630
IRIDIUM 29
1 24944U 97051A   13309.04156639  .00000231  00000-0  75387-4 0  5036
2 24944 086.3946 118.9210 0002119 107.5145 252.6282 14.34218951845180
IRIDIUM 32
1 24945U 97051B   13309.06059316  .00000253  00000-0  83247-4 0  5637
2 24945 086.3947 118.9378 0002119 106.3852 253.7577 14.34218694845205
IRIDIUM 33
1 24946U 97051C   13309.48731590  .00000405  00000-0  14097-3 0  6495
2 24946 086.3860 118.9030 0007350 205.8129 177.9009 14.32971205845006
IRIDIUM 28
1 24948U 97051E   13309.48994096  .00000436  00000-0  14656-3 0  3996
2 24948 086.3949 118.6621 0001788 109.2949 271.3509 14.34862639845281
IRIDIUM 30
1 24949U 97051F   13309.05424659  .00000259  00000-0  85264-4 0  6050
2 24949 086.3948 119.0166 0002092 104.9670 255.1757 14.34219361845184
IRIDIUM 31
1 24950U 97051G   13309.46652086  .00000226  00000-0  73645-4 0  5484
2 24950 086.3947 118.8479 0002713 114.2899 245.8580 14.34214651845251
IRIDIUM 19
1 24965U 97056A   13309.52070053  .00000172  00000-0  54335-4 0  5250
2 24965 086.3965 150.3130 0002075 105.3195 254.8230 14.34216736843406
IRIDIUM 35
1 24966U 97056B   13309.53338538  .00000081  00000-0  21812-4 0  5777
2 24966 086.3963 150.3153 0002076 105.3235 254.8191 14.34216669843384
IRIDIUM 36
1 24967U 97056C   13309.53749747  .00000416  00000-0  13976-3 0  5139
2 24967 086.3975 150.2251 0002249 110.4734 280.2900 14.34889750843578
IRIDIUM 37
1 24968U 97056D   13309.50801595  .00000019  00000-0 -21437-6 0  5412
2 24968 086.3969 150.4735 0002079 105.2197 254.9228 14.34215842843382
IRIDIUM 34
1 24969U 97056E   13309.52704271  .00000155  00000-0  48219-4 0  5255
2 24969 086.3966 150.4044 0002095 105.1532 254.9896 14.34216871843387
IRIDIUM 43
1 25039U 97069A   13309.26567352  .00000546  00000-0  18779-3 0  5314
2 25039 086.4009 213.6197 0002183 107.0770 047.3866 14.34221366837120
IRIDIUM 41
1 25040U 97069B   13309.26009084  .00000528  00000-0  18156-3 0  5239
2 25040 086.4004 213.5860 0001915 097.2699 061.1813 14.34221091837126
IRIDIUM 40
1 25041U 97069C   13309.25479057  .00000533  00000-0  18322-3 0  5602
2 25041 086.4004 213.5354 0002063 101.7353 258.4074 14.34213401837146
IRIDIUM 39
1 25042U 97069D   13309.26115155  .00000008  00000-0 -42547-5 0  5437
2 25042 086.4018 213.7976 0002039 088.9983 271.1446 14.34216296837120
IRIDIUM 38
1 25043U 97069E   13309.47028832  .00000413  00000-0  13730-3 0  5200
2 25043 086.4004 212.0744 0000886 098.2300 028.4500 14.35307669837373
IRIDIUM 42
1 25077U 97077A   13309.24844359  .00000534  00000-0  18379-3 0  5322
2 25077 086.4010 213.6453 0002059 101.0424 259.1003 14.34213158832986
IRIDIUM 44
1 25078U 97077B   13309.26062490  .00000484  00000-0  15599-3 0   299
2 25078 086.4009 206.3389 0000556 133.1950 347.2683 14.37282783833978
IRIDIUM 45
1 25104U 97082A   13309.48390810  .00000501  00000-0  17168-3 0  4826
2 25104 086.3956 087.0774 0002231 108.9247 292.9733 14.34217245831216
IRIDIUM 24
1 25105U 97082B   13309.41359958  .00000621  00000-0  19474-3 0   694
2 25105 086.3935 072.4518 0011594 018.8977 017.0782 14.39006115832992
IRIDIUM 47
1 25106U 97082C   13309.49668454  .00000515  00000-0  17673-3 0  4726
2 25106 086.3956 087.0043 0002101 102.5559 299.8367 14.34217277831213
IRIDIUM 49
1 25108U 97082E   13309.43753079  .00000494  00000-0  16922-3 0  4980
2 25108 086.3958 087.0968 0002114 107.0941 284.6408 14.34217116831212
IRIDIUM 52
1 25169U 98010A   13309.20778419  .00000402  00000-0  13640-3 0  2621
2 25169 086.3994 182.0745 0002063 103.7829 031.2255 14.34217461822588
IRIDIUM 56
1 25170U 98010B   13309.53301074  .00000093  00000-0  26317-4 0   628
2 25170 086.3997 182.0224 0002079 103.8374 302.0560 14.34217417822611
IRIDIUM 54
1 25171U 98010C   13309.41631700  .00000422  00000-0  14349-3 0  4966
2 25171 086.3995 182.0009 0002095 104.1304 256.0124 14.34222220822764
IRIDIUM 50
1 25172U 98010D   13309.52694825  .00000376  00000-0  12719-3 0  5458
2 25172 086.3994 181.9184 0002090 103.2982 304.0291 14.34217783822614
IRIDIUM 53
1 25173U 98010E   13309.21605170  .00000379  00000-0  12840-3 0  5177
2 25173 086.3993 182.0548 0002087 104.1074 040.8535 14.34217656822578
IRIDIUM 51
1 25262U 98018A   13309.48890952  .00000191  00000-0  61200-4 0  6434
2 25262 086.3970 150.6150 0001908 100.1897 259.9514 14.34217275822007
IRIDIUM 61
1 25263U 98018B   13309.51435239  .00000238  00000-0  77920-4 0  4528
2 25263 086.3967 150.4395 0002065 104.0333 256.1092 14.34216837817711
IRIDIUM 55
1 25272U 98019A   13309.51726023  .00000044  00000-0  84768-5 0  4538
2 25272 086.3946 118.6644 0002113 107.1664 252.9763 14.34214232816913
IRIDIUM 57
1 25273U 98019B   13309.49188815  .00000233  00000-0  76253-4 0  4839
2 25273 086.3950 118.9235 0002109 106.5206 253.6221 14.34218878816915
IRIDIUM 58
1 25274U 98019C   13309.49822794  .00000250  00000-0  82102-4 0  3165
2 25274 086.3952 119.0799 0002087 104.8589 255.2838 14.34219413816913
IRIDIUM 59
1 25275U 98019D   13309.50457075  .00000242  00000-0  79368-4 0   847
2 25275 086.3944 119.0021 0002315 106.1729 253.9722 14.34216378816912
IRIDIUM 60
1 25276U 98019E   13309.51091951  .00000236  00000-0  77040-4 0  5456
2 25276 086.3944 118.6703 0002089 107.5535 252.5889 14.34219102816910
IRIDIUM 62
1 25285U 98021A   13309.33285034  .00000562  00000-0  19362-3 0  5113
2 25285 086.3984 055.6079 0002196 107.6290 252.5146 14.34218239815845
IRIDIUM 63
1 25286U 98021B   13309.34534297  .00000582  00000-0  20066-3 0  5433
2 25286 086.4010 055.7925 0002405 108.9095 282.9395 14.34216763815841
IRIDIUM 64
1 25287U 98021C   13309.48507116  .00000564  00000-0  19441-3 0  4624
2 25287 086.3985 055.5751 0002197 118.2682 241.8735 14.34218060815845
IRIDIUM 65
1 25288U 98021D   13309.35792326  .00000559  00000-0  19249-3 0  4923
2 25288 086.3982 055.5558 0002049 107.1949 284.1519 14.34217917815847
IRIDIUM 66
1 25289U 98021E   13309.36499934  .00000568  00000-0  19571-3 0  4416
2 25289 086.3982 055.4677 0002209 108.1591 286.9717 14.34217954815842
IRIDIUM 67
1 25290U 98021F   13309.36454243  .00000545  00000-0  18761-3 0  2864
2 25290 086.3981 055.5842 0002220 111.2068 248.9365 14.34216650815855
IRIDIUM 68
1 25291U 98021G   13309.51044910  .00000024  00000-0  14234-5 0  5035
2 25291 086.3986 055.6173 0002257 108.9081 251.2360 14.34216894815848
IRIDIUM 69
1 25319U 98026A   13309.43876729  .00000545  00000-0  17440-3 0  3084
2 25319 086.3991 080.6493 0000471 106.4615 289.5339 14.37817181813331
IRIDIUM 71
1 25320U 98026B   13309.41676808  .00000542  00000-0  17171-3 0    96
2 25320 086.3979 077.1969 0002524 057.1744 333.5468 14.38324498813703
IRIDIUM 70
1 25342U 98032A   13309.33100455  .00000559  00000-0  19251-3 0  5395
2 25342 086.3988 055.8714 0002187 105.9772 277.3577 14.34217756809925
IRIDIUM 72
1 25343U 98032B   13309.46252323  .00000559  00000-0  19250-3 0  5278
2 25343 086.3983 055.5149 0002181 108.9962 298.4159 14.34218244809943
IRIDIUM 73
1 25344U 98032C   13309.30890215  .00000639  00000-0  16686-3 0  3996
2 25344 086.4454 040.4055 0002855 118.4717 274.0813 14.47987527816473
IRIDIUM 74
1 25345U 98032D   13309.49557521  .00000715  00000-0  20784-3 0  5763
2 25345 086.4497 055.7781 0002377 109.9243 017.3590 14.42952547812446
IRIDIUM 75
1 25346U 98032E   13309.32470273  .00000570  00000-0  19653-3 0  5452
2 25346 086.3985 055.7776 0002206 109.7480 273.8050 14.34217304810493
IRIDIUM 03
1 25431U 98048A   13309.45087355  .00000291  00000-0  96855-4 0  4609
2 25431 086.3961 087.3289 0002043 103.6931 291.4298 14.34211707796455
IRIDIUM 76
1 25432U 98048B   13309.47115498  .00000490  00000-0  16795-3 0  3976
2 25432 086.3959 087.1165 0002311 106.9760 294.6520 14.34221606796449
IRIDIUM 82
1 25467U 98051A   13309.29285238  .00000037  00000-0  61215-5 0  6348
2 25467 086.4011 213.7186 0001614 105.8628 254.2746 14.34219203797435
IRIDIUM 81
1 25468U 98051B   13309.14695555  .00000520  00000-0  17846-3 0  4478
2 25468 086.4002 213.4837 0002060 107.3005 252.8416 14.34226362793638
IRIDIUM 80
1 25469U 98051C   13309.41687591  .00000529  00000-0  18194-3 0  4623
2 25469 086.4005 213.5951 0002192 100.2389 310.7932 14.34213745793675
IRIDIUM 77
1 25471U 98051E   13309.50709640  .00000511  00000-0  17535-3 0  6380
2 25471 086.3996 213.2644 0002185 094.0140 029.8627 14.34214495798889
IRIDIUM 2
1 25527U 98066A   13309.52923506  .00008718  00000-0  61716-3 0  9615
2 25527 085.5596 084.9285 0007249 199.9796 230.4172 15.04686698818468
IRIDIUM 86
1 25528U 98066B   13309.16261865  .00000410  00000-0  13926-3 0  6976
2 25528 086.3987 181.6475 0001958 095.3953 264.7466 14.34217703790164
IRIDIUM 84
1 25530U 98066D   13309.54316782  .00000408  00000-0  13873-3 0  3481
2 25530 086.3986 181.6301 0002040 103.2424 256.9000 14.34222681787859
IRIDIUM 83
1 25531U 98066E   13309.50510523  .00000419  00000-0  14238-3 0  4868
2 25531 086.3991 181.7179 0002092 103.5905 256.5524 14.34222446785207
IRIDIUM 20
1 25577U 98074A   13309.49483956  .00000521  00000-0  17910-3 0  3643
2 25577 086.3958 087.0474 0002110 108.9563 251.1862 14.34217212779288
IRIDIUM 11
1 25578U 98074B   13309.44368140  .00000497  00000-0  17045-3 0  6088
2 25578 086.3957 087.2833 0001989 111.1030 279.6126 14.34217000788246
IRIDIUM 14
1 25777U 99032A   13309.37540559  .00001027  00000-0  23398-3 0  6406
2 25777 086.5166 055.6221 0002263 111.2973 284.7142 14.54967213764883
IRIDIUM 21
1 25778U 99032B   13309.17743950  .00000028  00000-0  30198-5 0  4557
2 25778 086.3982 055.7240 0003227 106.9695 302.1817 14.34215669758913
IRIDIUM 91
1 27372U 02005A   13309.48966352  .00000229  00000-0  74760-4 0   618
2 27372 086.3962 119.2803 0001856 182.3840 199.0292 14.34219553622477
IRIDIUM 90
1 27373U 02005B   13309.38693350  .00000543  00000-0  15642-3 0   514
2 27373 086.4500 181.6939 0005408 092.6299 267.5521 14.42949664621037
IRIDIUM 94
1 27374U 02005C   13309.46375417  .00000133  00000-0  40309-4 0  2252
2 27374 086.3958 087.3836 0005156 075.1911 320.9196 14.34216274626794
IRIDIUM 95
1 27375U 02005D   13309.45383386  .00000229  00000-0  74643-4 0   179
2 27375 086.3960 119.0854 0002186 105.4706 254.6731 14.34214639621752
IRIDIUM 96
1 27376U 02005E   13306.98997620  .00000299  00000-0  10000-3 0  2194
2 27376 087.1716 151.3020 0004918 062.5360 297.6128 14.34209180626600
IRIDIUM 97
1 27450U 02031A   13309.53972703  .00000076  00000-0  20230-4 0  9293
2 27450 086.3963 150.5311 0002011 164.2950 195.8309 14.34216662601087
IRIDIUM 98
1 27451U 02031B   13309.50558164  .00000650  00000-0  18847-3 0   314
2 27451 086.4483 213.8962 0002693 150.4621 334.2299 14.42959692601903
